----------
[0, 0, 0, 0, 0, 0, 0]
[0, 0, 0, 0, 0, 0, 0]
[0, 0, 0, 0, 0, 0, 0]
[0, 0, 0, 0, 0, 0, 0]
[0, 0, 0, 0, 0, 0, 0]
[0, 0, 0, 1, 0, 0, 0]
Move # 1
Move was 3 , made by 1
----------

----------
[0, 0, 0, 0, 0, 0, 0]
[0, 0, 0, 0, 0, 0, 0]
[0, 0, 0, 0, 0, 0, 0]
[0, 0, 0, 0, 0, 0, 0]
[0, 0, 0, 2, 0, 0, 0]
[0, 0, 0, 1, 0, 0, 0]
Move # 2
Move was 3 , made by 2
----------

----------
[0, 0, 0, 0, 0, 0, 0]
[0, 0, 0, 0, 0, 0, 0]
[0, 0, 0, 0, 0, 0, 0]
[0, 0, 0, 1, 0, 0, 0]
[0, 0, 0, 2, 0, 0, 0]
[0, 0, 0, 1, 0, 0, 0]
Move # 3
Move was 3 , made by 1
----------

----------
[0, 0, 0, 0, 0, 0, 0]
[0, 0, 0, 0, 0, 0, 0]
[0, 0, 0, 2, 0, 0, 0]
[0, 0, 0, 1, 0, 0, 0]
[0, 0, 0, 2, 0, 0, 0]
[0, 0, 0, 1, 0, 0, 0]
Move # 4
Move was 3 , made by 2
----------

----------
[0, 0, 0, 0, 0, 0, 0]
[0, 0, 0, 0, 0, 0, 0]
[0, 0, 0, 2, 0, 0, 0]
[0, 0, 0, 1, 0, 0, 0]
[0, 0, 0, 2, 0, 0, 0]
[0, 0, 1, 1, 0, 0, 0]
Move # 5
Move was 2 , made by 1
----------

----------
[0, 0, 0, 0, 0, 0, 0]
[0, 0, 0, 0, 0, 0, 0]
[0, 0, 0, 2, 0, 0, 0]
[0, 0, 0, 1, 0, 0, 0]
[0, 0, 0, 2, 0, 0, 0]
[0, 0, 1, 1, 2, 0, 0]
Move # 6
Move was 4 , made by 2
----------

----------
[0, 0, 0, 0, 0, 0, 0]
[0, 0, 0, 1, 0, 0, 0]
[0, 0, 0, 2, 0, 0, 0]
[0, 0, 0, 1, 0, 0, 0]
[0, 0, 0, 2, 0, 0, 0]
[0, 0, 1, 1, 2, 0, 0]
Move # 7
Move was 3 , made by 1
----------

----------
[0, 0, 0, 0, 0, 0, 0]
[0, 0, 0, 1, 0, 0, 0]
[0, 0, 0, 2, 0, 0, 0]
[0, 0, 0, 1, 0, 0, 0]
[0, 0, 0, 2, 2, 0, 0]
[0, 0, 1, 1, 2, 0, 0]
Move # 8
Move was 4 , made by 2
----------

----------
[0, 0, 0, 0, 0, 0, 0]
[0, 0, 0, 1, 0, 0, 0]
[0, 0, 0, 2, 0, 0, 0]
[0, 0, 0, 1, 1, 0, 0]
[0, 0, 0, 2, 2, 0, 0]
[0, 0, 1, 1, 2, 0, 0]
Move # 9
Move was 4 , made by 1
----------

----------
[0, 0, 0, 0, 0, 0, 0]
[0, 0, 0, 1, 0, 0, 0]
[0, 0, 0, 2, 2, 0, 0]
[0, 0, 0, 1, 1, 0, 0]
[0, 0, 0, 2, 2, 0, 0]
[0, 0, 1, 1, 2, 0, 0]
Move # 10
Move was 4 , made by 2
----------

----------
[0, 0, 0, 0, 0, 0, 0]
[0, 0, 0, 1, 0, 0, 0]
[0, 0, 0, 2, 2, 0, 0]
[0, 0, 0, 1, 1, 0, 0]
[0, 0, 1, 2, 2, 0, 0]
[0, 0, 1, 1, 2, 0, 0]
Move # 11
Move was 2 , made by 1
----------

----------
[0, 0, 0, 0, 0, 0, 0]
[0, 0, 0, 1, 0, 0, 0]
[0, 0, 0, 2, 2, 0, 0]
[0, 0, 2, 1, 1, 0, 0]
[0, 0, 1, 2, 2, 0, 0]
[0, 0, 1, 1, 2, 0, 0]
Move # 12
Move was 2 , made by 2
----------

----------
[0, 0, 0, 0, 0, 0, 0]
[0, 0, 0, 1, 0, 0, 0]
[0, 0, 1, 2, 2, 0, 0]
[0, 0, 2, 1, 1, 0, 0]
[0, 0, 1, 2, 2, 0, 0]
[0, 0, 1, 1, 2, 0, 0]
Move # 13
Move was 2 , made by 1
----------

----------
[0, 0, 0, 0, 0, 0, 0]
[0, 0, 0, 1, 0, 0, 0]
[0, 0, 1, 2, 2, 0, 0]
[0, 0, 2, 1, 1, 0, 0]
[0, 0, 1, 2, 2, 0, 0]
[0, 2, 1, 1, 2, 0, 0]
Move # 14
Move was 1 , made by 2
----------

----------
[0, 0, 0, 0, 0, 0, 0]
[0, 0, 0, 1, 1, 0, 0]
[0, 0, 1, 2, 2, 0, 0]
[0, 0, 2, 1, 1, 0, 0]
[0, 0, 1, 2, 2, 0, 0]
[0, 2, 1, 1, 2, 0, 0]
Move # 15
Move was 4 , made by 1
----------

----------
[0, 0, 0, 0, 0, 0, 0]
[0, 0, 0, 1, 1, 0, 0]
[0, 0, 1, 2, 2, 0, 0]
[0, 0, 2, 1, 1, 0, 0]
[0, 2, 1, 2, 2, 0, 0]
[0, 2, 1, 1, 2, 0, 0]
Move # 16
Move was 1 , made by 2
----------

----------
[0, 0, 0, 0, 0, 0, 0]
[0, 0, 0, 1, 1, 0, 0]
[0, 0, 1, 2, 2, 0, 0]
[0, 0, 2, 1, 1, 0, 0]
[0, 2, 1, 2, 2, 0, 0]
[1, 2, 1, 1, 2, 0, 0]
Move # 17
Move was 0 , made by 1
----------

----------
[0, 0, 0, 0, 0, 0, 0]
[0, 0, 2, 1, 1, 0, 0]
[0, 0, 1, 2, 2, 0, 0]
[0, 0, 2, 1, 1, 0, 0]
[0, 2, 1, 2, 2, 0, 0]
[1, 2, 1, 1, 2, 0, 0]
Move # 18
Move was 2 , made by 2
----------

----------
[0, 0, 0, 1, 0, 0, 0]
[0, 0, 2, 1, 1, 0, 0]
[0, 0, 1, 2, 2, 0, 0]
[0, 0, 2, 1, 1, 0, 0]
[0, 2, 1, 2, 2, 0, 0]
[1, 2, 1, 1, 2, 0, 0]
Move # 19
Move was 3 , made by 1
----------

----------
[0, 0, 0, 1, 0, 0, 0]
[0, 0, 2, 1, 1, 0, 0]
[0, 0, 1, 2, 2, 0, 0]
[0, 2, 2, 1, 1, 0, 0]
[0, 2, 1, 2, 2, 0, 0]
[1, 2, 1, 1, 2, 0, 0]
Move # 20
Move was 1 , made by 2
----------

----------
[0, 0, 0, 1, 0, 0, 0]
[0, 0, 2, 1, 1, 0, 0]
[0, 1, 1, 2, 2, 0, 0]
[0, 2, 2, 1, 1, 0, 0]
[0, 2, 1, 2, 2, 0, 0]
[1, 2, 1, 1, 2, 0, 0]
Move # 21
Move was 1 , made by 1
----------

----------
[0, 0, 0, 1, 0, 0, 0]
[0, 2, 2, 1, 1, 0, 0]
[0, 1, 1, 2, 2, 0, 0]
[0, 2, 2, 1, 1, 0, 0]
[0, 2, 1, 2, 2, 0, 0]
[1, 2, 1, 1, 2, 0, 0]
Move # 22
Move was 1 , made by 2
----------

----------
[0, 0, 1, 1, 0, 0, 0]
[0, 2, 2, 1, 1, 0, 0]
[0, 1, 1, 2, 2, 0, 0]
[0, 2, 2, 1, 1, 0, 0]
[0, 2, 1, 2, 2, 0, 0]
[1, 2, 1, 1, 2, 0, 0]
Move # 23
Move was 2 , made by 1
----------

----------
[0, 0, 1, 1, 2, 0, 0]
[0, 2, 2, 1, 1, 0, 0]
[0, 1, 1, 2, 2, 0, 0]
[0, 2, 2, 1, 1, 0, 0]
[0, 2, 1, 2, 2, 0, 0]
[1, 2, 1, 1, 2, 0, 0]
Move # 24
Move was 4 , made by 2
----------

----------
[0, 1, 1, 1, 2, 0, 0]
[0, 2, 2, 1, 1, 0, 0]
[0, 1, 1, 2, 2, 0, 0]
[0, 2, 2, 1, 1, 0, 0]
[0, 2, 1, 2, 2, 0, 0]
[1, 2, 1, 1, 2, 0, 0]
Move # 25
Move was 1 , made by 1
----------

----------
[0, 1, 1, 1, 2, 0, 0]
[0, 2, 2, 1, 1, 0, 0]
[0, 1, 1, 2, 2, 0, 0]
[0, 2, 2, 1, 1, 0, 0]
[0, 2, 1, 2, 2, 0, 0]
[1, 2, 1, 1, 2, 2, 0]
Move # 26
Move was 5 , made by 2
----------

----------
[0, 1, 1, 1, 2, 0, 0]
[0, 2, 2, 1, 1, 0, 0]
[0, 1, 1, 2, 2, 0, 0]
[0, 2, 2, 1, 1, 0, 0]
[0, 2, 1, 2, 2, 1, 0]
[1, 2, 1, 1, 2, 2, 0]
Move # 27
Move was 5 , made by 1
----------

----------
[0, 1, 1, 1, 2, 0, 0]
[0, 2, 2, 1, 1, 0, 0]
[0, 1, 1, 2, 2, 0, 0]
[0, 2, 2, 1, 1, 2, 0]
[0, 2, 1, 2, 2, 1, 0]
[1, 2, 1, 1, 2, 2, 0]
Move # 28
Move was 5 , made by 2
----------

----------
[0, 1, 1, 1, 2, 0, 0]
[0, 2, 2, 1, 1, 0, 0]
[0, 1, 1, 2, 2, 1, 0]
[0, 2, 2, 1, 1, 2, 0]
[0, 2, 1, 2, 2, 1, 0]
[1, 2, 1, 1, 2, 2, 0]
Move # 29
Move was 5 , made by 1
----------

----------
[0, 1, 1, 1, 2, 0, 0]
[0, 2, 2, 1, 1, 2, 0]
[0, 1, 1, 2, 2, 1, 0]
[0, 2, 2, 1, 1, 2, 0]
[0, 2, 1, 2, 2, 1, 0]
[1, 2, 1, 1, 2, 2, 0]
Move # 30
Move was 5 , made by 2
----------

----------
[0, 1, 1, 1, 2, 0, 0]
[0, 2, 2, 1, 1, 2, 0]
[0, 1, 1, 2, 2, 1, 0]
[0, 2, 2, 1, 1, 2, 0]
[0, 2, 1, 2, 2, 1, 0]
[1, 2, 1, 1, 2, 2, 1]
Move # 31
Move was 6 , made by 1
----------

----------
[0, 1, 1, 1, 2, 2, 0]
[0, 2, 2, 1, 1, 2, 0]
[0, 1, 1, 2, 2, 1, 0]
[0, 2, 2, 1, 1, 2, 0]
[0, 2, 1, 2, 2, 1, 0]
[1, 2, 1, 1, 2, 2, 1]
Move # 32
Move was 5 , made by 2
----------

----------
[0, 1, 1, 1, 2, 2, 0]
[0, 2, 2, 1, 1, 2, 0]
[0, 1, 1, 2, 2, 1, 0]
[0, 2, 2, 1, 1, 2, 0]
[1, 2, 1, 2, 2, 1, 0]
[1, 2, 1, 1, 2, 2, 1]
Move # 33
Move was 0 , made by 1
----------

----------
[0, 1, 1, 1, 2, 2, 0]
[0, 2, 2, 1, 1, 2, 0]
[0, 1, 1, 2, 2, 1, 0]
[2, 2, 2, 1, 1, 2, 0]
[1, 2, 1, 2, 2, 1, 0]
[1, 2, 1, 1, 2, 2, 1]
Move # 34
Move was 0 , made by 2
----------

----------
[0, 1, 1, 1, 2, 2, 0]
[0, 2, 2, 1, 1, 2, 0]
[1, 1, 1, 2, 2, 1, 0]
[2, 2, 2, 1, 1, 2, 0]
[1, 2, 1, 2, 2, 1, 0]
[1, 2, 1, 1, 2, 2, 1]
Move # 35
Move was 0 , made by 1
----------

----------
[0, 1, 1, 1, 2, 2, 0]
[0, 2, 2, 1, 1, 2, 0]
[1, 1, 1, 2, 2, 1, 0]
[2, 2, 2, 1, 1, 2, 0]
[1, 2, 1, 2, 2, 1, 2]
[1, 2, 1, 1, 2, 2, 1]
Move # 36
Move was 6 , made by 2
----------

----------
[0, 1, 1, 1, 2, 2, 0]
[1, 2, 2, 1, 1, 2, 0]
[1, 1, 1, 2, 2, 1, 0]
[2, 2, 2, 1, 1, 2, 0]
[1, 2, 1, 2, 2, 1, 2]
[1, 2, 1, 1, 2, 2, 1]
Move # 37
Move was 0 , made by 1
----------

----------
[2, 1, 1, 1, 2, 2, 0]
[1, 2, 2, 1, 1, 2, 0]
[1, 1, 1, 2, 2, 1, 0]
[2, 2, 2, 1, 1, 2, 0]
[1, 2, 1, 2, 2, 1, 2]
[1, 2, 1, 1, 2, 2, 1]
Move # 38
Move was 0 , made by 2
----------

----------
[2, 1, 1, 1, 2, 2, 0]
[1, 2, 2, 1, 1, 2, 0]
[1, 1, 1, 2, 2, 1, 0]
[2, 2, 2, 1, 1, 2, 1]
[1, 2, 1, 2, 2, 1, 2]
[1, 2, 1, 1, 2, 2, 1]
Move # 39
Move was 6 , made by 1
----------

game number 1 finished
----------
[0, 0, 0, 0, 0, 0, 0]
[0, 0, 0, 0, 0, 0, 0]
[0, 0, 0, 0, 0, 0, 0]
[0, 0, 0, 0, 0, 0, 0]
[0, 0, 0, 0, 0, 0, 0]
[0, 0, 0, 0, 1, 0, 0]
Move # 1
Move was 4 , made by 1
----------

----------
[0, 0, 0, 0, 0, 0, 0]
[0, 0, 0, 0, 0, 0, 0]
[0, 0, 0, 0, 0, 0, 0]
[0, 0, 0, 0, 0, 0, 0]
[0, 0, 0, 0, 0, 0, 0]
[0, 0, 2, 0, 1, 0, 0]
Move # 2
Move was 2 , made by 2
----------

----------
[0, 0, 0, 0, 0, 0, 0]
[0, 0, 0, 0, 0, 0, 0]
[0, 0, 0, 0, 0, 0, 0]
[0, 0, 0, 0, 0, 0, 0]
[0, 0, 0, 0, 0, 0, 0]
[0, 0, 2, 1, 1, 0, 0]
Move # 3
Move was 3 , made by 1
----------

----------
[0, 0, 0, 0, 0, 0, 0]
[0, 0, 0, 0, 0, 0, 0]
[0, 0, 0, 0, 0, 0, 0]
[0, 0, 0, 0, 0, 0, 0]
[0, 0, 0, 2, 0, 0, 0]
[0, 0, 2, 1, 1, 0, 0]
Move # 4
Move was 3 , made by 2
----------

----------
[0, 0, 0, 0, 0, 0, 0]
[0, 0, 0, 0, 0, 0, 0]
[0, 0, 0, 0, 0, 0, 0]
[0, 0, 0, 0, 0, 0, 0]
[0, 0, 0, 2, 0, 0, 0]
[0, 0, 2, 1, 1, 1, 0]
Move # 5
Move was 5 , made by 1
----------

1.09287691116333
propagation 0.11549186706542969
----------
[0, 0, 0, 0, 0, 0, 0]
[0, 0, 0, 0, 0, 0, 0]
[0, 0, 0, 0, 0, 0, 0]
[0, 0, 0, 0, 0, 0, 0]
[0, 0, 0, 2, 0, 0, 0]
[0, 0, 2, 1, 1, 1, 2]
Move # 6
Move was 6 , made by 2
----------

----------
[0, 0, 0, 0, 0, 0, 0]
[0, 0, 0, 0, 0, 0, 0]
[0, 0, 0, 0, 0, 0, 0]
[0, 0, 0, 1, 0, 0, 0]
[0, 0, 0, 2, 0, 0, 0]
[0, 0, 2, 1, 1, 1, 2]
Move # 7
Move was 3 , made by 1
----------

1.0059916973114014
propagation 0.3812289237976074
----------
[0, 0, 0, 0, 0, 0, 0]
[0, 0, 0, 0, 0, 0, 0]
[0, 0, 0, 0, 0, 0, 0]
[0, 0, 0, 1, 0, 0, 0]
[0, 0, 0, 2, 2, 0, 0]
[0, 0, 2, 1, 1, 1, 2]
Move # 8
Move was 4 , made by 2
----------

----------
[0, 0, 0, 0, 0, 0, 0]
[0, 0, 0, 0, 0, 0, 0]
[0, 0, 0, 0, 0, 0, 0]
[0, 0, 0, 1, 1, 0, 0]
[0, 0, 0, 2, 2, 0, 0]
[0, 0, 2, 1, 1, 1, 2]
Move # 9
Move was 4 , made by 1
----------

----------
[0, 0, 0, 0, 0, 0, 0]
[0, 0, 0, 0, 0, 0, 0]
[0, 0, 0, 0, 0, 0, 0]
[0, 0, 0, 1, 1, 0, 0]
[0, 0, 0, 2, 2, 2, 0]
[0, 0, 2, 1, 1, 1, 2]
Move # 10
Move was 5 , made by 2
----------

----------
[0, 0, 0, 0, 0, 0, 0]
[0, 0, 0, 0, 0, 0, 0]
[0, 0, 0, 0, 0, 0, 0]
[0, 0, 0, 1, 1, 0, 0]
[0, 0, 0, 2, 2, 2, 0]
[1, 0, 2, 1, 1, 1, 2]
Move # 11
Move was 0 , made by 1
----------

----------
[0, 0, 0, 0, 0, 0, 0]
[0, 0, 0, 0, 0, 0, 0]
[0, 0, 0, 0, 0, 0, 0]
[0, 0, 0, 1, 1, 0, 0]
[2, 0, 0, 2, 2, 2, 0]
[1, 0, 2, 1, 1, 1, 2]
Move # 12
Move was 0 , made by 2
----------

----------
[0, 0, 0, 0, 0, 0, 0]
[0, 0, 0, 0, 0, 0, 0]
[0, 0, 0, 0, 0, 0, 0]
[1, 0, 0, 1, 1, 0, 0]
[2, 0, 0, 2, 2, 2, 0]
[1, 0, 2, 1, 1, 1, 2]
Move # 13
Move was 0 , made by 1
----------

----------
[0, 0, 0, 0, 0, 0, 0]
[0, 0, 0, 0, 0, 0, 0]
[2, 0, 0, 0, 0, 0, 0]
[1, 0, 0, 1, 1, 0, 0]
[2, 0, 0, 2, 2, 2, 0]
[1, 0, 2, 1, 1, 1, 2]
Move # 14
Move was 0 , made by 2
----------

----------
[0, 0, 0, 0, 0, 0, 0]
[1, 0, 0, 0, 0, 0, 0]
[2, 0, 0, 0, 0, 0, 0]
[1, 0, 0, 1, 1, 0, 0]
[2, 0, 0, 2, 2, 2, 0]
[1, 0, 2, 1, 1, 1, 2]
Move # 15
Move was 0 , made by 1
----------

----------
[2, 0, 0, 0, 0, 0, 0]
[1, 0, 0, 0, 0, 0, 0]
[2, 0, 0, 0, 0, 0, 0]
[1, 0, 0, 1, 1, 0, 0]
[2, 0, 0, 2, 2, 2, 0]
[1, 0, 2, 1, 1, 1, 2]
Move # 16
Move was 0 , made by 2
----------

----------
[2, 0, 0, 0, 0, 0, 0]
[1, 0, 0, 0, 0, 0, 0]
[2, 0, 0, 0, 0, 0, 0]
[1, 0, 0, 1, 1, 0, 0]
[2, 0, 0, 2, 2, 2, 0]
[1, 1, 2, 1, 1, 1, 2]
Move # 17
Move was 1 , made by 1
----------

----------
[2, 0, 0, 0, 0, 0, 0]
[1, 0, 0, 0, 0, 0, 0]
[2, 0, 0, 0, 0, 0, 0]
[1, 0, 0, 1, 1, 0, 0]
[2, 2, 0, 2, 2, 2, 0]
[1, 1, 2, 1, 1, 1, 2]
Move # 18
Move was 1 , made by 2
----------

----------
[2, 0, 0, 0, 0, 0, 0]
[1, 0, 0, 0, 0, 0, 0]
[2, 0, 0, 0, 0, 0, 0]
[1, 1, 0, 1, 1, 0, 0]
[2, 2, 0, 2, 2, 2, 0]
[1, 1, 2, 1, 1, 1, 2]
Move # 19
Move was 1 , made by 1
----------

----------
[2, 0, 0, 0, 0, 0, 0]
[1, 0, 0, 0, 0, 0, 0]
[2, 2, 0, 0, 0, 0, 0]
[1, 1, 0, 1, 1, 0, 0]
[2, 2, 0, 2, 2, 2, 0]
[1, 1, 2, 1, 1, 1, 2]
Move # 20
Move was 1 , made by 2
----------

----------
[2, 0, 0, 0, 0, 0, 0]
[1, 1, 0, 0, 0, 0, 0]
[2, 2, 0, 0, 0, 0, 0]
[1, 1, 0, 1, 1, 0, 0]
[2, 2, 0, 2, 2, 2, 0]
[1, 1, 2, 1, 1, 1, 2]
Move # 21
Move was 1 , made by 1
----------

----------
[2, 2, 0, 0, 0, 0, 0]
[1, 1, 0, 0, 0, 0, 0]
[2, 2, 0, 0, 0, 0, 0]
[1, 1, 0, 1, 1, 0, 0]
[2, 2, 0, 2, 2, 2, 0]
[1, 1, 2, 1, 1, 1, 2]
Move # 22
Move was 1 , made by 2
----------

----------
[2, 2, 0, 0, 0, 0, 0]
[1, 1, 0, 0, 0, 0, 0]
[2, 2, 0, 0, 0, 0, 0]
[1, 1, 0, 1, 1, 0, 0]
[2, 2, 1, 2, 2, 2, 0]
[1, 1, 2, 1, 1, 1, 2]
Move # 23
Move was 2 , made by 1
----------

----------
[2, 2, 0, 0, 0, 0, 0]
[1, 1, 0, 0, 0, 0, 0]
[2, 2, 0, 0, 0, 0, 0]
[1, 1, 0, 1, 1, 0, 0]
[2, 2, 1, 2, 2, 2, 2]
[1, 1, 2, 1, 1, 1, 2]
Move # 24
Move was 6 , made by 2
----------

game number 2 finished
{'Tie': 0, 'c': 2, 'r': 0}
